function x = default_state_PSS()
x =[ 604.643607044792	2053.40884415598	1005.91680699980	-1377.83607858054	-1610.56041404452	-675.572765575529	1229.28962030819	1674.75356037100	332.169612475608	-1958.02378168036	-1561.45923278376	283.270221309303	9.88068210915320e-08	0.498658490739279	1.84739362483145e-06	1.85003907572847e-06	-8996.55364768412	7998.28484764615	10996.1694318767	3980.37444961990	-7929.60875784464	-7929.43509747040	1.78492674255806	0.300204357645913	8.60277947600114e-07	8.34687994346448e-07	-8806.10095576445	8162.22741913643	11228.3566358002	4071.18939016484	-7784.54017646515	-7786.18764457510	1.91701368190179	0.0638644012000093	1.59323504698615e-06	1.60045608668644e-06	-9162.49147866225	7804.44967955511	10863.3235337790	3782.04128697040	-8076.44124654429	-8076.07949038840	1.80592479058922	-0.135569709549237	2.50811855347372e-07	2.31822683211062e-07	-9025.89586391687	7910.18788707027	10912.3445253211	3930.18115357429	-7979.73392130924	-7981.19348224834	1.88205920902009	-0.188093496828281	0.0992397645112590	-0.0990816685257902	-0.0888283222730312	-0.188052798777068	0.0992365788273561	-0.0990441460748058	-0.0888690259151442	-0.187999043801101	0.0992105656287023	-0.0990164117858056	-0.0889227767392112	-0.187957457326033	0.0991737989455363	-0.0990115782820056	-0.0889643708168503	-2097274037.20287	413707281.163931	1683566756.03887	-2227933467.63157	1360139108.28973	867794359.342029	-51295621.3779437	-690494.627730557	51986116.0056714	-1967898078.53308	97799652.7913723	1870098425.74013	0.000476106829824724	-2097274037.20290	-23841506.5062461	-3766206.48653363	27607712.9927813	-1766173590.23465	-300275035.353091	2066448625.58568	0.000541866690828268	-1967898078.53278	-59972174.7412189	24322274.4917808	35649900.2494437	-2229991302.06581	1083165585.11549	1146825716.95077	-0.000123226771333469	-2227933467.63163	-30059464.2847595	9495756.54535014	20563707.7394168	-2192622278.46867	712375801.305216	1480246477.15914	0.00139668428129809	-2229991302.06677	23786152.1319270	-370353.411826047	3857899.44418135	494333.278076350	-27644051.5761099	-123979.866250167	27396659.3157126	-300702.526185274	-2947519.61110055	510342.983255652	-24449139.7046077	-209640.457070366	30042556.9810623	-175254.948675219	-9408540.57310831	506338.947588550	-20634016.4079611	-331083.998913257	29912601.9085007	-82975.4128662084	-14714642.7696997	479732.190921066	-15197959.1387994	-396756.778054754	1.06714241876176	0.908585368689629	1.01752888548842	0.958443896376940	0.000102819876182473	0.000697532210585509	0.000621351356321572	0.00162882718987157	2.05275068631781e-05	9.55612731254301e-05	8.53492318390046e-05	0.000223486513909929	9.88908680126220e-05	0.000710596542033447	0.000630599768800377	0.00165572686533639	2.96480446435095e-06	4.12539974921155e-05	3.30514265889319e-05	9.07508443471551e-05	0.779229182100491	1.84596718867434e-06	240.067816547194	0	21.4175903426550	0.0214176261478762	0	9332.92526646513	0.779460282156530	8.73148497305974e-07	239.934330095873	0	23.0074558737447	0.0230073787358574	0	9332.12012060812	0.800414536949875	1.58954494843915e-06	240.061563057347	0	21.6700227190843	0.0216700478806070	0	9586.29214592489	0.779220869091854	2.60438810860100e-07	239.917929220315	0	22.5889117158601	0.0225888133449490	0	9333.33601491682	9351.71030390323	9351.71999098106	9351.71999999802	9351.72000000000	0	0	0	0	0	0	0	0	0	0	0	0	0	0	0	0	0	0	0	0	0	0	0	0	0	0	0	0	0	0	0	0	0	0	0	0	0	0	0	0	0	0	0	0	0	0	0	0	0	0	9606.10965977915	9606.11999040470	9606.11999999775	9606.12000000000	0	0	0	0	0	0	0	0	0	0	0	0	0	0	0	0	0	0	0	0	0	0	0	0	0	0	0	0	0	0	0	0	0	0	0	0	0	0	0	0	0	0	0	0	0	0	0	0	0	0	9354.82807693846	9354.83998891335	9354.83999999746	9354.84000000000	0	0	0	0	0	0	0	0	0	0	0	0	0	0	0	0	0	0	0	0	0	0	0	0	0	0	0	0	0	0	0	0	0	0	0	0	0	0	0	0	0	0	0	0	0	0	0	0	0	0	9351.83016918994	9351.83999087910	9351.83999999790	9351.84000000000	0	0	0	0	0	0	0	0	0	0	0	0	0	0	0	0	0	0	0	0	0	0	0	0	0	0	0	0	0	0	0	0	0	0	0	0	0	0	0	0	0	0	0	0	0	0	0	0	0	0];